#BVGraph properties
#Fri Oct 19 10:19:11 WEST 2018
compratio=0.509
bitsforblocks=8008518
residualarcs=28320673
version=0
zetak=3
residualexpstats=1740058,1270156,1164656,1231377,1327181,1426857,1524451,1654382,1866703,2230088,2305732,2185776,1819770,1673347,1293165,999767,717319,574760,485511,394057,289444,145861
avgref=0.445
residualavggap=60887.197
avgbitsforoutdegrees=5.141
windowsize=7
bitsforintervals=13779815
copiedarcs=12080738
avgbitsforblocks=4.995
bitsperlink=8.708
bitsforresiduals=394680562
bitsforreferences=2157039
avgdist=0.636
successoravgloggap=6.505701902327557
avgbitsforreferences=1.345
successoravggap=39040.378
maxrefcount=3
successorexpstats=17977051,2037929,1448202,1399451,1491407,1591462,1684046,1843220,2117848,2613326,2643002,2505896,2098600,1943621,1507533,1157521,826839,654559,555310,448349,324532,151467
nodes=1603222
compressionflags=
intervalisedarcs=8619998
bitspernode=266.257
arcs=49021409
bitsforoutdegrees=8242614
avgbitsforintervals=8.595
minintervallength=4
graphclass=it.unimi.dsi.webgraph.BVGraph
avgbitsforresiduals=246.18
residualavgloggap=9.302516670310068
