#BVGraph properties
#Sat Oct 13 09:41:34 WEST 2018
compratio=0.617
bitsforblocks=17228788
residualarcs=28841797
version=0
zetak=3
residualexpstats=1139467,809209,698486,671607,683280,763496,850925,1075979,1418318,2031622,2445690,2623785,2476025,2532591,2265868,1929506,1550321,1159748,739179,455599,390029,131024
avgref=1.487
residualavggap=78570.979
avgbitsforoutdegrees=6.816
windowsize=7
bitsforintervals=8131147
copiedarcs=17403940
avgbitsforblocks=10.746
bitsperlink=10.56
bitsforresiduals=476774562
bitsforreferences=4609756
avgdist=1.883
successoravgloggap=9.253577276740492
avgbitsforreferences=2.875
successoravggap=68326.951
maxrefcount=3
successorexpstats=10926291,1747532,1056950,873828,887382,990571,1057769,1328790,1858573,2616504,3154410,3374316,3286499,3478561,3281865,2813108,2359277,1701344,848440,489285,658430,231677
nodes=1603222
compressionflags=
intervalisedarcs=2775672
bitspernode=322.894
arcs=49021409
bitsforoutdegrees=10926912
avgbitsforintervals=5.072
minintervallength=4
graphclass=it.unimi.dsi.webgraph.BVGraph
avgbitsforresiduals=297.385
residualavgloggap=11.247146337271625
